2	2	0.18670477448619419	0.19470937118401788	0.23476016817742873	0.18817086372106107	0.19565482243129825	yum !
2	2	0.18668014709936903	0.18754839643379906	0.24096425336514735	0.19203042299869671	0.1927767801029879	serves really good sushi .
2	1	0.1776522315360658	0.2369587396416037	0.21104138953293727	0.18760370586396213	0.18674393342543133	green tea creme brulee is a must !
2	4	0.19088389278223433	0.17889209425982083	0.2062648115361621	0.21115668163980744	0.21280251978197542	do n't leave the restaurant without it .
4	4	0.1807608343577064	0.17469556928344782	0.20359584184265384	0.19617498610751202	0.2447727684086798	the entire staff was extremely accomodating and tended to my every need .
4	4	0.17645543588773852	0.18611984288925715	0.18506081660915294	0.2066261133283288	0.2457377912855226	snotty attitude
4	4	0.19447564914621834	0.1816339935236434	0.20017740507117915	0.19449348454314502	0.22921946771581408	– we were treated very rudely here one time for breakfast .
4	4	0.18891213761314762	0.17785952494164117	0.20657410450056432	0.19776702184766393	0.22888721109698304	the owner is belligerent to guests that have a complaint .
2	2	0.1733489151336512	0.19411200523658256	0.23068000828793445	0.1959405973503453	0.20591847399148655	good food !
2	2	0.18957717635759597	0.1807002741271866	0.22834796350134795	0.2042336348082498	0.19714095120561953	this is a great place to get a delicious meal .
4	4	0.18702136268035155	0.19131566952309828	0.2020218646570448	0.1923097584634867	0.2273313446760186	we never had to wait more than 5 minutes .
4	4	0.18250435152983213	0.1690258833183522	0.19452936925977632	0.2046136029577414	0.24932679293429805	the staff is pretty friendly .
2	2	0.18238664540643243	0.19379507141710484	0.22965092710210783	0.1953013388936561	0.19886601718069874	the onion rings are great !
2	2	0.18266117275230226	0.18541073578838257	0.22918202056835696	0.1948027829725037	0.20794328791845457	they are not greasy or anything .
2	2	0.19157726804143368	0.18082260848129872	0.22184160836302216	0.1955184498225499	0.21024006529169553	– i was highly disappointed in the food at pagoda .
2	2	0.17343865636527328	0.19427166462947804	0.24947875392245783	0.18909910559895707	0.1937118194838336	the lemon chicken tasted like sticky sweet donuts and the honey walnut prawns , the few they actually give you ..... were not good .
4	4	0.17851051715616495	0.19037192651408405	0.21638729305953475	0.19080710467612302	0.22392315859409317	worst service i ever had
4	4	0.18647592977057093	0.17945828553899473	0.2139084530261227	0.20039958892678403	0.21975774273752763	everyone that sat in the back outside agreed that it was the worst service we had ever received .
4	4	0.17926904898260876	0.20110825043948422	0.1996587090998836	0.18996425350256693	0.22999973797545648	our waiter was non-existent and after our food finally arrived over an hour after we ordered , we were not given any water or utensils .
4	4	0.1729297113179442	0.18332869695838708	0.19939827605103572	0.18416048887059477	0.2601828268020382	i complained to the manager , but he was not even apologetic .
2	2	0.18319247526423482	0.19458066971999782	0.21556210574647044	0.2008695356934518	0.20579521357584518	fabulous italian food !
2	2	0.17807876825228441	0.1839714653383123	0.22329357794747548	0.2014141569500486	0.21324203151187926	the food was great !
2	2	0.18391915389195065	0.18525508331994145	0.21944597445174274	0.2035281360821249	0.20785165225424015	it 's * very * reasonably priced , esp for the quality of the food .
2	2	0.17802748537383983	0.18523334922967866	0.24526482657672496	0.1953938736852619	0.1960804651344945	i had the kafta plate and it was perfect .
2	4	0.18785922684044018	0.1912584057239931	0.20803203257224245	0.1974965690560781	0.21535376580724608	finally a meal that you will remember for a long time !
2	2	0.1872177659844071	0.17954564329534117	0.21796832753573753	0.20263009443317642	0.21263816875133787	caution - its real food for people who love the best .
2	2	0.1883629828657495	0.18088927407610503	0.2221734645863077	0.2011884178696697	0.20738586060216788	i may not be a sushi guru but i can tell you that the food here is just okay and that there is not much else to it .
2	2	0.17822069532826718	0.182142902147856	0.2713501150058024	0.18545089369522638	0.1828353938228479	rice is too dry , tuna was n't so fresh either .
2	0	0.20932642804978674	0.17667713206457586	0.21047595252316093	0.2019747366443101	0.20154575071816627	nothing really came across as outstanding .
2	2	0.19042121434756068	0.18631201906081102	0.2253075364764064	0.19758020476836652	0.20037902534685534	i have eaten here three times and have found the quality and variety of the fish to be excellent .
4	2	0.19043152636085234	0.18737307780706897	0.21025489378534865	0.1969347060512398	0.21500579599549016	the service ranges from mediocre to offensive .
4	4	0.18986971088525686	0.18136755126233178	0.19357575902874624	0.2047268383415488	0.2304601404821163	on a recent trip , our waiter was extremely dismissive , while no less than three staff members waited hand-and-foot on a pair of japanese girls seated nearby .
4	1	0.1779165807543691	0.2251323286775428	0.2086092204717706	0.19156787100346606	0.19677399909285137	we were then charged for their most expensive sake ( $ 20+ per serving ) when we in fact drank a sake of less than half that price .
2	2	0.1877928963306218	0.19881152763070054	0.2287568081960636	0.18628964365821765	0.1983491241843964	they pay such detail to everything from miso soup to complex rolls .
2	2	0.17876268345868235	0.18460287689482505	0.2550245934177837	0.18888515879252016	0.1927246874361887	the sashimi was the freshest and most tender i have ever tasted .
2	2	0.17169137010873337	0.19912406827886975	0.2459349223991775	0.19070830549297002	0.19254133372024934	their apps are all delicious .
4	4	0.18018089875996599	0.18319225225128277	0.20099905605096513	0.20942347003930023	0.2262043228984859	great service
4	4	0.17746019010331462	0.18198455275575626	0.21278314588056293	0.2000001006765738	0.22777201058379243	my service was stellar !
4	4	0.18264800188986718	0.18472195166618088	0.2051328449326187	0.20293793004277022	0.22455927146856294	the bus boy even spotted that my table was shaking a stabilized it for me .
2	2	0.17336379573092242	0.18914627891080493	0.23550140808456482	0.2016836310154262	0.2003048862582817	food was fine , with a some little-tastier-than-normal salsa .
4	4	0.17732080043008955	0.19600137481657587	0.1972363575253172	0.18801655295483294	0.24142491427318435	took forever to get our order taken , water refills were too much to ask for and the only time she was fast was when we asked for our bill when we could get her attention .
2	2	0.1868104346276815	0.1794936747015427	0.22349074584320863	0.19924943065750483	0.21095571417006237	the only problem is you really have to warm up the pizza before it 's edible , even when you order ahead .
2	2	0.1757384018642057	0.18858625330358605	0.24068893763315735	0.1952591143957182	0.19972729280333268	but once done , it 's not too much dough , not too much cheese , not too much sauce .
2	2	0.20263865560969382	0.18162669534251447	0.23589193238156764	0.18964059191274518	0.19020212475347886	best sushi in town .
2	2	0.18110625088523152	0.18125090960081913	0.2309577579677115	0.2032391247377145	0.20344595680852345	everything you want and more , very fresh .
2	2	0.1976592381739351	0.18824208540904036	0.22836334329509717	0.19564030740211097	0.19009502571981648	the best calamari in seattle !
4	4	0.1821070129741794	0.2018354270737893	0.19350193063877014	0.19207933115534703	0.23047629815791415	every time `` 0-sixtynine '' is called the bartender buys everyone drinks !
3	2	0.1972150052818327	0.18497103813870466	0.20430272094499172	0.2100901163256748	0.20342111930879597	definitely has one of the best jukebox 's i 've seen in a long long time .
4	4	0.19621373470969466	0.18550250108737562	0.20657961218782434	0.20370843221982832	0.20799571979527698	you need to watch your game , they will have it on for you .
3	3	0.1963003848265068	0.18239748498610447	0.19431145610736766	0.22670655693642736	0.20028411714359362	and the upstairs is a great place to hang out .
2	2	0.18808313337139843	0.17992815024023126	0.2503499871378201	0.1907808509006006	0.19085787834994955	the sushi here is delicious !
2	2	0.18867332305587878	0.1924086854223375	0.22965277090981623	0.19300729191771449	0.1962579286942529	they have a wide variety of fish and they even list which oceans they come from ; atlantic or pacific .
2	2	0.17781576297272	0.19994830375912465	0.2573934396602732	0.18279767250149487	0.1820448211063873	i 've had the jellyfish , horse mackerel , blue fin tuna and the sake ikura roll among others , and they were all good .
2	2	0.19016249813537042	0.17371444830541266	0.21791650488558806	0.21259166531723633	0.20561488335639255	my only negative comment is that i wish the pieces were a little bigger .
4	4	0.17339544219595346	0.17604118865448615	0.1979966823584636	0.19192173359550446	0.26064495319559244	the service was courteous and attentive .
2	2	0.18003108993763273	0.18712280690700495	0.2251587429415784	0.19616088332254566	0.21152647689123832	my g/f and i both agreed the food was very mediocre especially considering the price .
1	1	0.17001461167450793	0.2246823126277436	0.20265337890406349	0.192769975834604	0.20987972095908092	drinks were good .
2	2	0.1773281109856128	0.19392322887276933	0.24206175828024648	0.1907015314012434	0.19598537046012807	– i loved the pumpkin ravioli and the goat cheese gnocchi ( 5 big ones to a plate instead of 20 or so little gnocchis ) and my sister loved her filet mignon on top of spinach and mashed potatoes .
3	3	0.19336634144244647	0.17291439175718543	0.1973681855738006	0.23312275327091375	0.20322832795565376	the ambiance was a peaceful and relaxing break amongst all the kids running around in downtown disney .
3	3	0.18339212369251168	0.17799260454874785	0.19332206310414912	0.24694261762308634	0.1983505910315048	it was romantic - and even nice even with my sister , reminded me of italy , and had artwork and music that kept up the feeling of being in a mediterrean villa .
2	2	0.19626813130516987	0.1848918505186794	0.22125128289899865	0.19667339301583808	0.2009153422613139	best indian food in l.a .
2	2	0.18419713140449503	0.1851298684448965	0.25588212090179485	0.18406147714645332	0.19072940210236022	the chicken curry and chicken tikka masala are my favorite meat dishes .
2	2	0.17901033564995905	0.1969027648503764	0.24204130924985146	0.1890289020187383	0.19301668823107485	the chana masala ( garbanzo beans ) are also excellent .
2	2	0.19152723674736966	0.19151616835246635	0.22124882567050713	0.19275874522561948	0.20294902400403744	i think i have probably tried each item on their menu at least once it is all excellent .
2	2	0.19049532297824032	0.19205829591825468	0.23587705363865308	0.1889362067719438	0.19263312069290817	i can highly recommend their various saag and paneer and korma .
4	2	0.18219882998685108	0.2031756706435304	0.21262510450811656	0.19469781789700114	0.20730257696450086	i appreciate their delivery too .
2	2	0.18731534599371374	0.18791391243335837	0.22497707252224924	0.19436806405400947	0.205425604996669	– i really enjoyed my meal here .
2	2	0.18495778576120736	0.19624356574498325	0.24418532282078032	0.18695212954543391	0.1876611961275951	i had yummy lamb korma , saag paneer , samosas , naan , etc .
4	4	0.18123413774882735	0.18889360756823445	0.22163549577155925	0.19658895830938095	0.2116478006019981	normally , places ask how hot you want it , but they did n't .
2	2	0.18624129869343453	0.1824905357174169	0.2239638004240516	0.19910510927131264	0.20819925589378432	i should have thought to bring it up but never expected the food to be that mild .
2	2	0.182663127163925	0.18354359805519055	0.23532336674117676	0.19641327781705772	0.2020566302226498	the naan was some of the best i 've had and i really enjoyed the bhartha , not too tomatoey .
2	2	0.17352226791565456	0.18800238923091955	0.25002192187935457	0.1906483258013623	0.197805095172709	even the chickpeas , which i normally find too dry , were good .
4	4	0.18347681034036534	0.1899692253278203	0.21518873430363072	0.2004594477762881	0.21090578225189555	and they packaged everything nicely so it did n't spill .
3	3	0.180746143403836	0.17938562882508044	0.19450480233165543	0.25366508102830554	0.1916983444111225	i love the warm & cosy environment .
2	2	0.18161669383968626	0.18900435535024906	0.21491556380666058	0.19681645978273526	0.21764692722066908	i am never disappointed with there food .
3	3	0.18906081456815912	0.17612831920843447	0.19973819111538813	0.23956355351791048	0.19550912159010775	the atmosphere is great .
4	4	0.18809346735418095	0.1814431881776642	0.19858565734459	0.2103036681333305	0.22157401899023446	always busy , but they are good at seating you promptly and have quick service .
1	1	0.179474158323901	0.21694501545063583	0.21646200728603227	0.1989639442524645	0.1881548746869663	also have great margaritas !
4	4	0.20080610451254444	0.18552589877865733	0.20611508010114538	0.19693646100339018	0.2106164556042627	you can order to go if you have to get back to the office too !
2	2	0.17991394071404515	0.1917819502782524	0.2343363345885094	0.18978351871561572	0.20418425570357746	lebanese food ! yum !
2	3	0.19367227080523072	0.1927118723401674	0.202704565362969	0.2086886831332705	0.20222260835836225	the food is simply unforgettable !
2	2	0.17990198620600065	0.18858691133373376	0.22996757667264567	0.2018579608702457	0.19968556491737435	the presentation of the food was an added bonus , it looked just as great as it tasted !
2	2	0.18087391715327483	0.1843681900833203	0.23700923325151443	0.18555602931624798	0.2121926301956425	my best friend had the chicken shawarma and she still raves about it being the best anywhere !
2	2	0.18521181970311465	0.18678443542696715	0.228759566154851	0.2064110566969915	0.19283312201807568	what a tastly , flaky treat !
2	2	0.19289720039648717	0.19485960884958825	0.23151603019164654	0.18845694466566493	0.19227021589661314	holy hummus !
2	2	0.18967349355248175	0.19125739416155624	0.21370908633630345	0.20276925954087482	0.20259076640878376	dinners have always been excellent , in terms of food quality .
2	2	0.1924366881309519	0.1879534400038112	0.22570385623626651	0.2002765767954633	0.1936294388335071	the open sesame combo plate is a bargain for the heap of food given .
2	2	0.18571222519536043	0.18840393517478873	0.2418510870630186	0.19380276980099675	0.19022998276583553	the side of potatoes is to die for , as is the labne ( yogurt dip ) .
2	2	0.1864579466392175	0.19075594508977534	0.23614350319802302	0.19721899122312753	0.1894236138498565	also , they serve the best hummus in america , with a drizzle of fragrant olive oil ( which , i believe is the traditional way ) !
4	2	0.19032105521927156	0.1924160660370271	0.21780610924789473	0.19231658280246366	0.20714018669334286	there have been several occasions when we 've just not gotten some side dishes we 've ordered .
1	1	0.1781798990171212	0.23387628786445552	0.1983279164766566	0.20215239301997087	0.1874635036217958	great beer
4	4	0.17725211858150927	0.20414789581617898	0.19171408973208698	0.19424963440654844	0.23263626146367633	we waited over 30 minutes for our drinks and over 1 1/2 hours for our food .
2	2	0.170673877399602	0.19319473430448086	0.2518363991675232	0.19329585715715358	0.19099913197124035	we ordered a selection of the small plates , and the shoe string onions , goat cheese pizza , grilled asparagus and fried brie with fruit were all very good .
4	4	0.18462681289778068	0.18498421318826336	0.2077249679888411	0.19894371844333403	0.22372028748178097	we did have the same waiter the second time , so maybe the service is spotty and our luck is good .
3	3	0.198257918853604	0.18177694867894162	0.18862895936817076	0.24054550210566306	0.19079067099362068	sunday afternoons there is a band playing and it is lots of fun .
1	0	0.20554518100076818	0.1890872522108796	0.21380156870170924	0.1999278334003317	0.19163816468631112	seattle 's best winelist
1	1	0.1890935977330398	0.2033429158883962	0.20726323427294158	0.20353681091100156	0.1967634411946208	– ray 's ( suprisingly ) has the city 's best & most diverse wine list .
4	4	0.182710333572713	0.18521318535187134	0.2070795955168046	0.20418411255514785	0.22081277300346316	the sommelier is fantastic , down-to-earth , & extremely knowlegable .
1	1	0.18811369808747086	0.19972770133252005	0.19715552662677438	0.20790220454642117	0.20710086940681346	i would go back for the wine experience alone .
4	4	0.19027353745390468	0.1799615712565409	0.20898319009215513	0.2053179011862517	0.21546380001114757	what may be interesting to most is the worst sevice/attitude comes from the owners of this establishment .
2	2	0.17722164071591756	0.18144757006659146	0.25260309947334303	0.20042617071079943	0.18830151903334846	– mioposto has a very creative & delicious pizza menu .
1	2	0.185497834090263	0.1941185697668763	0.21200578204056647	0.20975282510927548	0.19862498899301856	the coffe is very good , too .
3	4	0.1853316064903368	0.174028611177029	0.1860236654722325	0.22253044863235116	0.2320856682280505	great open and friendly ambience .
3	3	0.19756537954381342	0.1732593873884994	0.19981362152685864	0.2277655613395813	0.20159605020124738	this place is charming and relaxing .
4	4	0.18501540676071815	0.1722018261028011	0.18420818167938252	0.19285716059468808	0.2657174248624103	the servers behind the counter are always friendly and helpful .
2	2	0.18466928743432143	0.18453032281760767	0.22461706032703385	0.19698626462063767	0.20919706480039943	enjoyed the food
2	2	0.1758849421016976	0.190372364129603	0.2307334018401389	0.19570848597694412	0.20730080595161626	food was good and cheap .
2	2	0.17908497507147147	0.1895500507235262	0.2446635238595566	0.19256687995233768	0.19413457039310805	i had the kafta plate and i enjoyed it .
3	3	0.17991358369868365	0.17535301210149123	0.1988488265915725	0.24206456759548994	0.20382001001276284	atmosphere was nice .
4	4	0.17072629100254216	0.18466261857149763	0.1954064896985293	0.19182202483266217	0.25738257589476876	service was kind of slow , our waitress took forever to give us our check even though it was n't that busy .
2	2	0.17489669713579098	0.19835112359558435	0.2481170110270155	0.1867464836469645	0.1918886845946447	– eggs , pancakes , potatoes , fresh fruit and yogurt -- everything they serve is delicious .
2	2	0.18446944289387657	0.18123957899974905	0.2379283009535123	0.197009774800479	0.19935290235238318	great meal – the fish on the omikase platter was absolutely decadent -- there was none of the stringiness that sometimes accompanies fair sushi -- this fish was perfect ! ! ! !
4	4	0.1840753618981289	0.1851348341674763	0.20476796930502605	0.1921547573275976	0.23386707730177114	plus , i am allergic to rice , and the waitstaff was unbelievably accomodating -- did n't even bat an eye !
2	2	0.19686316214173116	0.1825706318109266	0.23363087649932615	0.192773713648221	0.1941616158997951	unbeatable sushi !
2	4	0.19483475585222204	0.190530027339229	0.2017980140144195	0.21037144285278236	0.2024657599413472	two thumbs up !
2	2	0.1994579046622023	0.17491905014558612	0.21848281499520272	0.20887515468692233	0.19826507551008637	this is right up there with places in tokyo as far as the freshness is concerned .
2	2	0.17570918607470984	0.1927342688554505	0.24987322646163324	0.18968472707202905	0.19199859153617732	melt in your mouth nigiri and sashmi , and very tasty rolls too .
2	2	0.18955301140619418	0.18354933776333038	0.24049399570154628	0.18606518795981958	0.20033846716910977	be sure to try the oyster roll .
2	2	0.18769944442378345	0.18009318743089703	0.23746954596819903	0.1964088550143761	0.1983289671627445	– how to describe the best sushi in nyc : hmmmm , delicious , amazing , fantastic , suculent , perfect , nah , all of the above .
2	2	0.18945298294582288	0.19061435454013279	0.2311341088691819	0.1869777299874715	0.20182082365739107	the best chuwam mushi i have ever had .
2	2	0.19249656713797178	0.18331876240534345	0.22190947149104057	0.20307456021076267	0.19920063875488164	perfect on a cold day .
2	2	0.1852004544901683	0.18968624216501107	0.24251007529533025	0.19365375793271566	0.18894947011677468	the house special roll is really good .
4	4	0.19630491870716582	0.18701260771394707	0.20028596815855193	0.20391736951037737	0.2124791359099577	however , they do take your cellphone numbers so that you can go hang out somewhere else till they call you up on your cellphone .
3	3	0.19409044421291233	0.1794006080220421	0.17441392510234213	0.26799206755329585	0.18410295510940766	a cozy spot for 2
2	2	0.1894436963973129	0.19772422715794225	0.22724539842613134	0.19312882175595564	0.19245785626265793	brunch at murphy 's is to die for , my specialty ... egg white omelet , the food is always freshly prepared .
2	3	0.19001998676049547	0.1846921650919801	0.19268832773095437	0.23935447676374516	0.19324504365282483	save room for scrumptious desserts .
2	2	0.18163894617119325	0.19214256797465562	0.23275173759455792	0.1896341295583036	0.20383261870128963	love the enchiladas and chicken soup - and be sure to check out their specials .
2	4	0.19211500841449825	0.1807454784739965	0.21135474328797652	0.20141316190447917	0.21437160791904958	the cooks have been at the restaurant for years and cook family recipes .
4	4	0.19270647162410093	0.17657920273856936	0.1979237306079717	0.20677917521824485	0.2260114198111132	can get busy on fridays for a table but once seated , the service is so efficient you can be in and out of there quickly .
4	4	0.19225258190253758	0.17374265538989564	0.19870973459833371	0.20650590691287551	0.22878912119635747	well i guess it 's hard to be seated when one is invisible to the staff .
4	4	0.18352970817114286	0.1868925431633986	0.18691148627439996	0.1996671162342995	0.24299914615675902	we stood there for 10 minutes while employees walked back and forth ignoring us .
4	4	0.1850948774588721	0.18229732219325245	0.20048960668603044	0.19875855556920996	0.23335963809263516	finally , my wife stood face to face in front of one of the staff and she asked , `` are you waiting for a table ? ''
4	4	0.1841858549080213	0.18972611863532263	0.20060046207087262	0.1950443315625786	0.23044323282320495	once seated it took about 30 minutes to finally get the meal .
2	2	0.17850379460420454	0.19335054743557864	0.24569616403012207	0.19081647579391037	0.19163301813618439	the caesar salad i ordered had so much lemon i could n't eat it .
4	4	0.1962265692269366	0.177705346353555	0.2039981848738853	0.2050724828695918	0.21699741667603134	it gets really busy , so get there on the early side so you can grab a seat , if you do have to wait , its not bad because the service is quick !
3	3	0.19965758467598838	0.1722048758344489	0.19578209453623263	0.23460460168961994	0.19775084326371012	check out the art on the walls , very colorful !
2	2	0.19184584853522568	0.1861929579316981	0.21230199211008235	0.19971715705517648	0.20994204436781738	– i have been eating at this place for over 8 years now and i have never had one bad meal .
2	2	0.19334587219404992	0.18198983699792787	0.2163230160685392	0.2004256251948726	0.20791564954461045	i highly recommend this place to all that want to try indain food for the first time .
2	2	0.18998675395238956	0.19535732069782114	0.21557110179120945	0.20090971984680564	0.1981751037117742	the lunch menu is an awesome deal !
2	2	0.18207680301402046	0.18849744219998446	0.21815098357890722	0.20361005632076817	0.20766471488631966	plenty of food , trust me .
2	2	0.17758944628594148	0.1871279306673233	0.25024488636217196	0.1944208678440827	0.19061686884048068	fresh ingrediants and super tasty .
2	2	0.20006331834396707	0.17336755023702333	0.22091365264997564	0.20206820866347702	0.20358727010555683	the place is the next best thing to my moms cooking .
2	2	0.18441962167502113	0.18468919060405176	0.2324802958856524	0.2043450222319517	0.19406586960332314	not only can the selection be innovative , but there 's a nice balance of traditional sushi as well .
4	4	0.19452795065287118	0.18366763920310825	0.19342413438742345	0.20243171366395393	0.22594856209264333	the nicest waiters in town .
3	2	0.1901292659017388	0.18317585405930525	0.2119249110096768	0.20927708728523453	0.20549288174404456	it 's unpretentious and underground .
2	2	0.18437015348532443	0.18691726287368715	0.2692676106336227	0.17772185162542417	0.18172312138194147	hands down , the best tuna i have ever had .
2	2	0.1776445198202787	0.19012381057468863	0.25312946095597977	0.18594516571010417	0.1931570429389488	try the chef 's choice for sushi as the smoked yellowtail was incredible and the rolls were also tasty .
2	2	0.1778125556411259	0.18586755116951487	0.25072212681780476	0.19821047974743697	0.18738728662411747	i know many people have their favorite types of pizza and pizza places , but mioposto 's pizza lacks quality and good taste .
2	2	0.18289539277826558	0.1834767502216043	0.2480853096918022	0.1879678942220154	0.19757465308631256	to be honest , i 've had better frozen pizza .
2	2	0.19403405389579353	0.2047534724678231	0.22756739075585886	0.1945245645666035	0.179120518313921	seafood plus
2	2	0.1788368142002335	0.18665024918763032	0.23952334235180395	0.20560510984176722	0.18938448441856487	the appetizer of oysters , lobster , crab ( small size ) made a perfect entre for my wife .
2	2	0.17988541181181655	0.18392954947507195	0.2400935430368658	0.19653214413231318	0.1995593515439324	seabass on lobster risotto was the best .
2	2	0.17295187342758955	0.19563756257411719	0.24382283114886136	0.1958773428750647	0.1917103899743673	caesar salad was superb .
1	1	0.18566985721426144	0.22665907151129125	0.19187285386779712	0.20668110256131778	0.18911711484533236	great bottle of wine .
2	3	0.19087692425901395	0.1857153537690246	0.18854043046704022	0.2406566966403731	0.19421059486454834	leave room for dessert .
4	4	0.1765572923876489	0.19430940067214222	0.21355748262619972	0.1924276261761494	0.22314819813785974	even then , the order was not correct and we were still waiting for a couple items .
4	4	0.17866578114392884	0.1833687025320741	0.20257007391593135	0.19235231045605375	0.2430431319520121	we had a very hard time getting the waitress ' attention and finally had to get up and go inside to speak to a manager .
4	4	0.18214399674551673	0.18705231703321223	0.2001079307530203	0.19209510143780475	0.238600654030446	as it turns out the owner was seated right next to us and when he came over to check on our problems was very dismissive and offered a token 20 % discount on our bill .
4	4	0.17932838425923137	0.19785936423479325	0.20282780971155656	0.18958521084289237	0.23039923095152637	when the bill came , he only took the discount off the food and not the drinks .
4	4	0.17204968591288095	0.1882685228589189	0.20939373326023658	0.19247951507031053	0.23780854289765319	it was clear he didn ’ t really care .
4	4	0.17456937479207962	0.20486005725501666	0.2047675241395218	0.193484524321023	0.22231851949235892	i waited for 10-15 minutes for service ordered a beer & was never served again .
4	4	0.17960474141501298	0.20977791759702452	0.19699370540566133	0.19981671891783653	0.21380691666446477	after sitting there with my empty glass for over 20 minutes i left .
4	4	0.18059305083209581	0.19620309530843968	0.19342979191897003	0.19630801500821782	0.2334660469322767	after sitting at the bar for over 20 minutes the bar keep had made only 2 drinks & kept telling us she 'd be right with us .
4	4	0.18395638165722378	0.18773776377045176	0.19957131592730631	0.19727204805332377	0.23146249059169435	we left without ever getting service .
2	2	0.1945621076729857	0.1885940248484625	0.24120769756041405	0.19019326052233895	0.18544290939579883	best crab cakes in town
2	2	0.18816053980655761	0.18061354685468492	0.2230700177075012	0.19550064746208817	0.2126552481691682	– thats a big statement considering i 've been pulling crab traps and making the cakes myself since i was about seven - but something about these little devils gets better every time .
2	2	0.17992527143399734	0.18499085094309986	0.25898423454365604	0.18854936697191313	0.18755027610733366	– love their pizza , especially the mushroom pizza .
2	2	0.1768531674204531	0.20557945459895405	0.24548739216447418	0.19038871076181996	0.18169127505429847	also love their caeser salad .
4	4	0.1880497634612986	0.17752919537327455	0.20081892284308783	0.19611921406449884	0.23748290425784022	prefer to order it and pick it up though because i do n't like the servers , one young woman in particular .
4	4	0.17977114829396923	0.18434025661285647	0.19553407065545586	0.21558142234415245	0.22477310209356594	she does n't make you feel welcome and treats you like an annoyance .
4	4	0.17421226567761	0.17463624196253483	0.19923862157181027	0.20416552453120562	0.2477473462568393	but she is very friendly with certain people , making it even more annoying .
4	4	0.18332015237465005	0.18238100133005622	0.2007554940430678	0.19497859023873174	0.23856476201349425	management should really take notice and train their waitstaff and teach them some proper manners .
2	2	0.1923167868288044	0.19217319342018618	0.21312276019488968	0.20467865592475093	0.19770860363136877	great breakfast
2	2	0.2000531405759836	0.18434970265324999	0.21502946211237642	0.2075894690579427	0.19297822560044725	– this place is famous for their breakfast .
2	2	0.20161792110821497	0.19058144409398614	0.21359653778988275	0.1991577523561849	0.1950463446517312	i love breakfast here .
2	2	0.18187644551637666	0.20190016450782985	0.23855327577285956	0.19072055831377188	0.18694955588916207	their crab eggs benedict is addicting .
2	2	0.1877676004834704	0.18950951843752495	0.2301960968966043	0.1918456379289506	0.2006811462534498	best chinese food i have tasted in a long time
3	4	0.1815649395100934	0.17552820046492307	0.20379189861764807	0.20962820330785623	0.2294867580994792	you can easily hear him though so it was a pleasant sound and not overbearing .
3	3	0.18714610260254477	0.1765680133736392	0.21021548072088062	0.2267081256929093	0.19936227761002617	the ambiance of the restaurant was nice and good for fine dinning .
3	3	0.19037116765023304	0.17853629659344988	0.20207247751675245	0.21724555389093986	0.21177450434862463	not too fine thought that you feel uncomfortable and have to dress up .
4	4	0.1772377546080369	0.17349881814920665	0.21081879277581453	0.20075767539625683	0.23768695907068532	the staff was very nice and courteous and obviously chinese .
4	2	0.1872447618157515	0.18354071542689915	0.2177077538465833	0.1986381616879912	0.21286860722277484	first off , the food came fast and all together : ) i like that ... i hate the pretentiousness of things coming in one after the other .
2	2	0.17333454878060126	0.18102238180071029	0.2537867098690393	0.19762029943237985	0.19423606011726918	so about the prawns , they were fresh and had a slight crispiness about the batter ... soooo good ... the walnuts were cut in smaller pieces and very crunchy and tasty .
2	2	0.1785007331712928	0.20455392913433773	0.2390757535450953	0.19088608682076297	0.1869834973285111	yummy .
2	2	0.1780131779870316	0.20107302874835753	0.24135365688347038	0.18693591394956519	0.19262422243157531	best honey walnyt prawns that we have every tasted .
2	2	0.17745303249486766	0.18548932834149326	0.2491739245817029	0.19519673868341508	0.1926869758985211	the brocollis were so fresh and tasty .
2	2	0.1790105949892138	0.18675843823725302	0.23268982225316454	0.19601597169895868	0.20552517282140992	i would normally not finish the brocolli when i order these kinds of food but for the first time , every piece was as eventful as the first one ... the scallops and prawns was so fresh and nicely cooked .
2	2	0.18250130557591937	0.18170263772516668	0.23480704237836914	0.19638361090834452	0.20460540341220024	not chewy at all .
2	2	0.17762279856962337	0.20922887472876495	0.23693637878902207	0.187718683290319	0.18849326462227062	for desert we had the mango ginger creme brulee ... oh la la yummy ! ! !
2	2	0.18733843362173602	0.19344350159617898	0.22675843242967805	0.19796921727918826	0.19449041507321865	melt in your mouth .
2	3	0.1863260200010819	0.19224214977542786	0.21112175750853626	0.20806021972207028	0.2022498529928837	chintzy portions
4	4	0.18663503864626885	0.18795327455066244	0.1954516500015036	0.20625009056255206	0.22370994623901308	we put out name down and although there were open tables we were told that it 'd be a 30 minute wait .
4	4	0.187670518504381	0.1844803863260392	0.20172297239674924	0.20746487017355153	0.21866125259927913	we went back to the restaurant and low and behold , we were seated at one of the tables that was available 30 minutes ago ! !
4	2	0.18947781036176453	0.19161165782832001	0.22233175460371002	0.19937191473589946	0.19720686247030594	none that i can think of .
4	4	0.17785152352767047	0.19923869956576962	0.20923411515575896	0.19250096054538762	0.2211747012054135	we put in our order and although we ordered 4 appetizers , the food did n't arrive until 45 minutes later ... with our main course .
4	2	0.18765493210541756	0.19695321702734092	0.2225220202665945	0.19220912436897755	0.20066070623166948	um so now what are appetizers for ? ? ?
4	4	0.1818781698442875	0.1876768818784295	0.21089921626613947	0.19342156707385666	0.2261241649372869	oh i forgot to mention that they do n't have bread service .
4	4	0.17625005948064515	0.19317519779844441	0.2206560376275844	0.19424082065311088	0.2156778844402151	my wife also ordered a teapot of hot water ( she had a sore throat ) and i guess that since it was only water , it was n't a priority for them to actually bring it .
4	4	0.18770133691274393	0.1875336482459626	0.21104976198747294	0.2019370321245808	0.21177822072923974	in other words , if they are n't making $ $ off of you then you do n't rate high on their 'service scale ' .
0	2	0.21057906380069874	0.17654696795335992	0.21004582128962965	0.2032023932287872	0.1996257537275244	if i needed to name some they would include the location to the beach or golden gate park .
0	4	0.20125281126816363	0.18175876563581675	0.20686161029549519	0.20061749985695254	0.20950931294357195	its great if you spent the day there and did n't want to drive to eat .
3	3	0.19314404050916784	0.1881505840489024	0.1976151106605541	0.22716613684154405	0.19392412793983183	another plus is the open feel of the restaurant with glass walls on all sides .
4	4	0.18736831714597357	0.19054886360980708	0.20037931994038016	0.20332943881652016	0.21837406048731905	6pm on a sat before a broadway play and we were quickly seated and served .
2	2	0.18271023720494908	0.18934239273852077	0.24539972096694881	0.18623700466176088	0.19631064442782048	amazing spanish mackeral special appetizer and perfect box sushi ( that eel with avodcao -- um um um ) .
2	2	0.17960646293585592	0.21057996150892064	0.22169960349246376	0.18815545009492063	0.19995852196783914	their specialty rolls are impressive , though i ca n't remember what we had .
1	1	0.17448494636316986	0.23218743225595365	0.20386333295637704	0.20755672817504345	0.18190756024945598	great selection of sakes .
2	1	0.17773580636956704	0.22742126303962645	0.2146260193557462	0.1872604503877623	0.1929564608472979	green tea creme brulee gets better each time i have it .
4	4	0.17396409443056549	0.1821137101023039	0.1938787867001469	0.2046565047954182	0.24538690397156557	very poor customer service .
4	4	0.17950393762172195	0.18831787263363886	0.20199564009442914	0.21230086017215516	0.21788168947805484	as part of a small party of four , our food was dropped off without comment ;
4	4	0.19464105188560352	0.18454848097810073	0.20598619816622582	0.19579903073546234	0.2190252382346075	any further needs we may have had could not have been met since no one stopped by the table .
4	4	0.1805525777707248	0.18767971599072275	0.20718122175879186	0.19190628673452187	0.23268019774523868	when we finally were able to flag someone down , it was someone entirely different from the person who had dropped off the food , who was also not the same person who had taken our order .
4	4	0.17464645866890238	0.18351258378267896	0.19249007168355908	0.1909085893781644	0.25844229648669537	after one member of our party had been bumped repeatedly by a waitress , a polite request that he not be bumped sent the waitress into an abusive rant .
4	4	0.18525979259796804	0.1808298655464471	0.20667797112756595	0.19837071807657758	0.22886165265144126	a brief conversation with the manager at the end of the meal was the greatest disappointment -- to say we had been `` blown off '' would be an understatement .
4	4	0.17488815376361894	0.1895433526940416	0.19794198819239878	0.19648779880451112	0.24113870654542952	the manager continually interrupted with `` is there anything else i can do for you ? `` , a strange comment because she had hardly listened , let alone responded to our expression of disappointment at our experience .
4	4	0.1788296205107483	0.18366268403349156	0.20106113325291827	0.1875975403474074	0.2488490218554345	she promised to speak to the waitress who had flown off in a rage , but we could hardly take her promise seriously , seeing as she had n't bothered to get the waitresses name .
4	4	0.183308897402513	0.18916089202268982	0.19472621761110398	0.20175356221047763	0.23105043075321544	in short , schooner or later could n't have cared less about our being at their establishment .
2	2	0.18105822503100985	0.18395731242529273	0.22010788325299574	0.20221937360126246	0.21265720568943924	you are with a hot date and he/she has an urge for sushi ... then this might be the place .
4	4	0.18018089875996599	0.18319225225128277	0.20099905605096513	0.20942347003930023	0.2262043228984859	great service .
1	1	0.17253731710515313	0.24532012588100582	0.2129219363223063	0.18641513324079434	0.18280548745074038	good sake selection .
2	2	0.18897564401181333	0.20286143772808465	0.2169462787448801	0.18699177889499946	0.20422486062022238	dungeness crabs here !
2	2	0.2017363492305565	0.18328665594537707	0.21446213115530055	0.20756742518464708	0.19294743848411866	– ray 's is the place to go for high quality seafood dinners .
2	2	0.1915801817411027	0.1895230375506607	0.21836010594373625	0.19564113885825274	0.20489553590624748	i love dungeness crabs and at ray 's you can get them served in about 6 different ways !
2	2	0.17909674110894247	0.2082545702704514	0.22762231707659308	0.19269854646653137	0.19232782507748158	we shared the family platter and i especially enjoyed the black cod in sake kasu .
2	2	0.17739984617415752	0.1965697106815607	0.23319704836604144	0.2017368779694409	0.1910965168087993	i ended the meal with the unusual dessert of a port and chocolate tasting .... yummy !
4	2	0.18159950171253458	0.18266653198318578	0.2228089519159152	0.2005825600764246	0.21234245431193982	and the service was simply spendid - quite a delight .
2	2	0.1923167868288044	0.19217319342018618	0.21312276019488968	0.20467865592475093	0.19770860363136877	great breakfast
3	3	0.20122981680456195	0.1863383036799825	0.20488821013546715	0.21211465005305213	0.1954290193269363	seriously , you ca n't go wrong , if it is unpretentious local fun you seek .
2	2	0.17538563761482695	0.19441070448543524	0.24568512024927877	0.19051752392254273	0.19400101372791645	oh , and the cheese fries are awesome !
3	3	0.19140925562381678	0.17980366767134737	0.18325377543386412	0.2352652900462796	0.2102680112246921	when i walked in , i was taken aback by their incredible wood decor .
2	2	0.18306435640534452	0.18654190231512552	0.2345332864898116	0.1946203476738005	0.20124010711591786	i picked the asparagus , which turned out to be incredible and perfectly prepared .
2	2	0.1894747173664976	0.1889257593094148	0.22557039849935984	0.19427399426342348	0.20175513056130415	the 9 oz steak came next and it tasted great , at least initially .
2	2	0.18046950961724953	0.18661988942203211	0.23764346602326136	0.1893528740460773	0.20591426089137982	the steak was done to my exact liking ( medium rare ) and was nice and juicy .
